Width: 127
Height: 79.375 
X: 64.01644
Y: 40.203945
